0.040910
0.040910
0.040910
0.117350
0.193789
-0.264851
-0.264851
0.117350
-0.264851
-0.111971
-0.264851
-0.264851
0.423109
-0.188411
0.040910
0.117350
0.117350
0.193789
-0.570611
-0.035531
-0.111971
-0.111971
0.193789
0.193789
-0.188411
-0.035531
-0.035531
0.193789
0.117350
-0.264851
0.040910
0.040910
0.193789
-0.035531
-0.111971
-0.111971
-0.111971
0.117350
-0.111971
0.117350
-0.035531
-0.035531
-0.111971
0.040910
0.040910
-0.111971
-0.111971
0.193789
0.040910
-0.188411
-0.188411
0.040910
0.346669
-0.188411
-0.111971
-0.111971
0.728868
0.040910
-0.264851
0.040910
0.040910
0.117350
-0.035531
-0.341290
0.040910
0.040910
-0.188411
0.346669
0.193789
0.117350
0.117350
0.423109
0.423109
0.346669
-0.111971
-0.111971
0.193789
0.193789
0.040910
0.117350
0.117350
0.117350
0.193789
-0.035531
-0.111971
-0.111971
-0.570611
0.193789
0.117350
-0.035531
-0.035531
0.040910
-0.188411
-0.035531
-0.035531
-0.035531
-0.188411
-0.417731
0.040910
0.117350
0.117350
-0.035531
-0.188411
-0.035531
-0.111971
-0.111971
-0.111971
0.117350
-0.035531
0.117350
0.117350
0.040910
-0.111971
-0.188411
-0.188411
-0.035531
-0.111971
-0.111971
0.117350
0.117350
0.117350
-0.341290
0.117350
0.117350
0.117350
-0.111971
0.193789
0.193789
-0.111971
-0.111971
-0.111971
0.193789
0.040910
-0.188411
-0.188411
-0.188411
-0.035531
-0.264851
-0.111971
-0.111971
-0.111971
0.040910
-0.188411
0.040910
0.040910
-0.111971
0.193789
0.040910
-0.035531
-0.035531
0.117350
0.193789
0.193789
0.117350
0.117350
0.423109
0.193789
-0.035531
0.117350
0.117350
0.193789
-0.264851
-0.111971
-0.035531
-0.035531
-0.111971
0.193789
0.117350
0.040910
0.040910
0.193789
0.270228
0.193789
0.193789
-0.035531
0.346669
0.117350
0.117350
0.117350
0.346669
-0.188411
0.117350
-0.035531
-0.035531
0.499549
0.193789
0.040910
-0.111971
-0.111971
-0.341290
-0.035531
-0.111971
-0.035531
-0.035531
0.270228
-0.035531
-0.111971
0.040910
0.040910
-0.188411
-0.341290
0.040910
0.117350
0.117350
-0.111971
-0.035531
0.040910
0.040910
0.040910
0.040910
0.270228
-0.111971
-0.035531
-0.035531
0.270228
-0.111971
-0.035531
-0.111971
-0.111971
-0.111971
-0.417731
-0.035531
0.040910
0.040910
-0.723491
0.040910
-0.341290
-0.111971
-0.111971
0.040910
-0.111971
-0.035531
-0.035531
-0.111971
-0.188411
-0.188411
-0.111971
-0.111971
0.499549
0.193789
-0.188411
0.193789
0.193789
0.423109
-0.264851
-0.035531
0.193789
0.193789
0.270228
-0.341290
0.193789
-0.188411
-0.188411
-0.035531
0.346669
0.040910
0.193789
0.193789
0.499549
0.040910
-0.188411
-0.035531
-0.035531
-0.035531
0.040910
-0.035531
-0.111971
-0.111971
-0.111971
-0.111971
0.193789
-0.111971
-0.111971
0.270228
0.193789
-0.035531
0.193789
0.193789
0.346669
-0.035531
0.040910
-0.035531
-0.035531
0.117350
0.040910
0.040910
-0.035531
-0.035531
-0.035531
0.040910
-0.264851
-0.188411
-0.188411
-0.035531
-0.111971
-0.035531
-0.035531
-0.035531
-0.264851
0.117350
0.117350
0.117350
-0.188411
-0.264851
-0.188411
-0.035531
-0.035531
0.193789
0.193789
-0.035531
-0.111971
-0.111971
0.040910
-0.035531
0.040910
0.117350
0.117350
0.040910
-0.111971
-0.494171
0.117350
0.117350
0.193789
-0.570611
0.117350
0.040910
0.040910
0.499549
0.193789
-0.111971
0.040910
0.040910
0.193789
0.423109
0.193789
-0.111971
-0.111971
0.499549
0.117350
0.040910
0.117350
0.117350
0.423109
-0.035531
-0.035531
0.193789
0.193789
-0.341290
-0.111971
0.193789
-0.035531
-0.035531
0.040910
0.193789
0.117350
0.117350
-0.111971
0.499549
0.117350
0.040910
0.040910
0.423109
0.117350
0.193789
-0.111971
-0.111971
-0.111971
0.193789
-0.111971
0.040910
0.040910
-0.264851
-0.111971
-0.035531
0.117350
0.117350
0.193789
0.270228
-0.111971
-0.341290
-0.341290
0.040910
0.040910
-0.111971
0.117350
0.117350
-0.035531
0.193789
0.117350
-0.111971
-0.111971
-0.417731
-0.035531
-0.035531
-0.035531
-0.035531
-0.188411
-0.264851
-0.035531
-0.111971
-0.111971
0.040910
-0.111971
-0.111971
0.040910
0.040910
-0.264851
0.117350
-0.111971
-0.188411
-0.188411
-0.111971
0.040910
-0.035531
-0.035531
0.040910
-0.035531
-0.341290
-0.417731
-0.417731
-0.035531
-0.111971
-0.417731
-0.188411
-0.188411
-0.188411
-0.188411
-0.188411
-0.111971
-0.111971
-0.035531
0.193789
0.193789
0.040910
0.040910
-0.111971
0.423109
-0.035531
-0.264851
-0.264851
0.728868
-0.188411
-0.111971
0.193789
0.193789
0.270228
-0.341290
-0.111971
0.117350
0.117350
0.270228
-0.188411
0.193789
0.193789
0.193789
0.117350
0.117350
0.117350
0.040910
0.040910
0.423109
0.193789
-0.188411
0.040910
0.040910
0.423109
0.117350
0.117350
-0.035531
-0.035531
0.423109
0.193789
0.193789
0.117350
0.117350
-0.341290
0.193789
0.040910
0.040910
0.040910
0.270228
-0.111971
0.193789
0.193789
-0.035531
-0.035531
0.117350
0.040910
0.040910
0.193789
0.193789
0.040910
-0.035531
-0.035531
0.117350
-0.264851
0.040910
0.040910
0.040910
0.193789
-0.341290
-0.188411
-0.111971
-0.111971
-0.188411
-0.341290
0.270228
0.040910
0.040910
0.193789
0.117350
0.193789
-0.111971
-0.111971
0.117350
0.040910
-0.188411
-0.111971
-0.111971
0.346669
0.193789
-0.188411
-0.111971
-0.111971
0.193789
-0.341290
0.193789
-0.264851
-0.264851
-0.341290
0.117350
0.193789
0.117350
0.117350
0.270228
-0.035531
-0.111971
-0.111971
-0.264851
0.499549
0.040910
0.040910
0.040910
0.958189
-0.111971
0.040910
0.040910
0.040910
-0.035531
-0.111971
-0.035531
-0.035531
-0.035531
0.652430
-0.111971
0.040910
-0.264851
-0.264851
0.117350
0.423109